[
    [
        0, 131.19, 212.58, 197.55, 115.94, 217.86, 34.91, 358.33, 149.85,
        221.04, 89.12, 1054.63, 61.44, 242.15
    ],
    [
        131.19, 0, 207.09, 190.52, 203.15, 86.66, 96.29, 227.13, 18.66, 89.85,
        176.34, 1141.84, 148.65, 110.96
    ],
    [
        212.58, 207.09, 0, 163.04, 96.64, 293.76, 188.01, 434.22, 225.75,
        296.94, 123.46, 885.05, 151.14, 318.05
    ],
    [
        197.55, 190.52, 163.04, 0, 259.68, 277.18, 171.43, 417.65, 209.17,
        280.36, 242.7, 1048.09, 215.01, 301.47
    ],
    [
        115.94, 203.15, 96.64, 259.68, 0, 289.82, 106.87, 430.29, 221.81, 293,
        26.82, 971.3, 54.5, 314.11
    ],
    [
        217.86, 86.66, 293.76, 277.18, 289.82, 0, 182.95, 183.61, 68.01, 3.18,
        263, 1228.51, 235.32, 24.29
    ],
    [
        34.91, 96.29, 188.01, 171.43, 106.87, 182.95, 0, 323.42, 114.94, 186.13,
        80.05, 1045.56, 52.37, 207.24
    ],
    [
        358.33, 227.13, 434.22, 417.65, 430.29, 183.61, 323.42, 0, 208.48,
        186.8, 403.47, 1368.98, 375.79, 207.9
    ],
    [
        149.85, 18.66, 225.75, 209.17, 221.81, 68.01, 114.94, 208.48, 0, 71.19,
        194.99, 1160.5, 167.31, 92.3
    ],
    [
        221.04, 89.85, 296.94, 280.36, 293, 3.18, 186.13, 186.8, 71.19, 0,
        266.19, 1231.69, 238.5, 21.11
    ],
    [
        89.12, 176.34, 123.46, 242.7, 26.82, 263, 80.05, 403.47, 194.99, 266.19,
        0, 973.04, 27.68, 287.29
    ],
    [
        1054.63, 1141.84, 885.05, 1048.09, 971.3, 1228.51, 1045.56, 1368.98,
        1160.5, 1231.69, 973.04, 0, 1000.72, 1252.8
    ],
    [
        61.44, 148.65, 151.14, 215.01, 54.5, 235.32, 52.37, 375.79, 167.31,
        238.5, 27.68, 1000.72, 0, 259.61
    ],
    [
        242.15, 110.96, 318.05, 301.47, 314.11, 24.29, 207.24, 207.9, 92.3,
        21.11, 287.29, 1252.8, 259.61, 0
    ]
]
